
Most recent parameter tweaks are on top, earlier attempts below.


***************************************************************************
1/31/04:

1 6
1 3
1 5 25
2 4
2 1 13
3 5
1 3 9
3 6
1 3 1
3 7
1 1000 1
3 8
1 1000 1
y

6991L, 46131C 
28 bad, 178 missed




1 6
1 3
1 5 30
2 4
1 5 20
3 5
1 3 12
3 6
1 3 3
3 7
1 1000 1
3 8
1 1000 1
y
33 bad, 173 missed
6678L, 44433C 



1 6
2 4
1 2 25
2 4
1 2 25
3 6
1 3 9
3 6
1 3 9
3 8
1 1000 1
3 8
1 1000 1
y
44 bad, 51 missed
6236L, 41911C




1 6
2 4
1 2 30
2 5
1 2 30
3 6
1 3 9
3 7
1 3 9
3 8
1 1000 1
3 9
1 1000 1
y
29 bad, 55 missed
6217L, 41814C


1 6
2 4
1 2 30
2 5
1 2 30
3 6
1 3 7
3 7
1 3 7
3 8
1 1000 1
3 9
1 1000 1
y
28 bad, 56 missed
6127L, 41101C



1 6
2 4
1 2 30
2 5
1 2 30
3 6
1 3 4
3 7
1 3 4
3 8
1 1000 1
3 9
1 1000 1
y
31 bad, 52 missed
6060L, 40510C


1 6
2 4
1 2 30
2 5
1 2 30
3 6
1 3 5
3 7
1 3 5
3 8
1 1000 1
3 9
1 1000 1
y
29 bad, 55 missed
6043L, 40486C



1 6
2 4
1 2 30
2 5
1 2 30
3 6
1 2 6
3 7
1 2 6
3 8
1 1000 1
3 9
1 1000 1
y
29 bad, 53 missed
6029L, 40182C

(1 2 4) was like 6085,
(1 2 8) was like 6120 



***************************************************************************
                 below here is hacking circa 1/24/04


1 4
1 3
1 5 1
1 3
1 5 1
2 5
1 3 1
2 5
1 3 1
y
cat inps.correct | patgen ga.dic /dev/null ga-correct.pat ga.tra
4111L, 24775C
240976 good, 763 bad, 2328 missed
99.04 %, 0.31 %, 0.96 %


1 5
1 3
1 5 1
2 4
1 5 1
2 5
1 3 1
2 7
1 3 1
3 7
1 10000 4
y
"inps.3", long time "best", same parms as above then a 5th level (1,10000,4)
   also ramp up the length more severely
4534L, 28216C
242386 good, 100 bad, 918 missed
99.62 %, 0.04 %, 0.38 %



1 5
1 3
1 5 10
2 4
2 1 4
2 5
1 3 2
2 7
3 2 1
3 7
1 10000 4
y
"inps.4"  
4440L, 27181C
241624 good, 27 bad, 1680 missed


1 5
1 3
1 5 6
2 4
2 1 4
2 5
1 3 2
2 7
2 3 1
3 7
1 10000 4
y
"inps.5"
4377L, 26855C
241985 good, 48 bad, 1319 missed
99.46 %, 0.02 %, 0.54 %



1 5
1 3
1 4 5
2 4
1 5 1
3 6
1 3 1
3 7
1 3 1
3 7
1 10000 4
y
"inps.6"
4758L, 30170C
242815 good, 125 bad, 489 missed
99.80 %, 0.05 %, 0.20 %



1 5
1 3
1 3 8
2 4
2 1 5
3 5
1 5 1
3 7
1 5 1
3 7
1 1000 1
y
"inps.7"
5375L, 34359C
243144 good, 41 bad, 159 missed
99.93 %, 0.02 %, 0.07 %



1 5
1 3
1 5 21
2 4
2 1 9
3 5
1 3 7
3 6
1 3 1
3 7
1 1000 1
y
"inps.8"
4807L, 30670C
243156 good, 135 bad, 147 missed
99.94 %, 0.06 %, 0.06 %




1 5
1 3
1 5 16
2 4
2 1 7
3 5
1 5 2
3 7
1 5 1
3 7
1 1000 1
y
"inps.9"
5215L, 33440C
243143 good, 36 bad, 160 missed
99.93 %, 0.01 %, 0.07 %



1 5
1 3
1 5 20
2 4
1 2 9
3 5
1 3 7
3 6
1 5 1
3 7
1 1000 1
y
"inps.10"
4571L, 29368C
243161 good, 180 bad, 142 missed
99.94 %, 0.07 %, 0.06 %




1 5
1 3
1 2 20
3 4
2 1 8
4 5
1 4 7
5 6
3 2 1
6 7
1 10000 4
y
cat inps.liang | patgen ga.dic /dev/null ga.pat ga.tra
(PatGen capacity exceeded)


1 4
1 3
1 2 20
2 4
2 1 8
3 5
1 4 7
4 6
3 2 1
y
cat inps.small | patgen ga.dic /dev/null ga.pat ga.tra
2944L, 17401C
235471 good, 77 bad, 7833 missed
96.78 %, 0.03 %, 3.22 %
